5507.593290520801
1930.4761545875479
661.4193901168593
5796.294729673429
8798.010036043317
2832.9931001073737
13336.745208762957
12932.78202947904
14764.293319700628
9680.859893901457
3793.3458755709294
1008.6168948698395
4428.206079132835
16681.134799967404
10388.85297367034
2601.794967928335
10376.970131191374
10141.774693194897
9701.492408145701
17556.67015487625
10758.173806490087
7030.567280417112
8258.254947884621
17748.85364393453
9671.234876585406
4290.757716948934
3879.310410616558
8288.561536176448
10371.030494941082
10085.996781737467
10849.398019178374
912.0463561777107
10140.447264126342
16961.2551454699
2234.810484863067
19560.47974186216
1116.2855093233115
11248.005432528247
11000.363317398796
12887.547069935406
2589.589659927055
5833.164574119418
6462.936791981101
5412.7332944448135
11628.347094230288
957.5763811461106
1101.9351531282946
12362.950482903916
13394.451466845325
10895.176218968365
3546.091668847781
4404.619634059996
8238.978845871128
3308.5527788799163
7438.0984605727435
3531.8173943603883
2789.6820900095736
7334.618603168445
6884.071852428599
3241.56329437113
7412.888457963083
3641.472609273733
5389.773122931817
3444.111184763401
3241.892957809119
8773.499216779324
3265.228409569837
17067.01734971001
13868.287272761108
8548.782909755364
328.3686079873769
4750.808880139768
1661.5087825849675
1654.778591973491
17632.45503620038
10344.25843259541
4898.164095275057
11267.413673022498
3142.534276813341
5797.46961391798
800.0103237090624
5977.126486696155
216.1527216748349
4995.257993580878
2725.5761438906206
4047.95683695376
8860.547855019866
15870.625803202947
15592.153027556778
4648.966502349634
4102.510918114225
4856.032979406846
4567.0317367150465
3209.6505586241515
3028.243874077661
3040.6447503295954
8438.491898425673
2548.921637106214
5960.196597329635
5730.998868657783
3963.852249482144
1607.3862889522566
1925.2007840516947
2196.851649440105
11648.403356908202
10102.374249615814
6104.102843193074
1583.8509585532727
7498.740411212312
3133.0799351153564
9083.14556980848
3583.6036741318026
8614.378522303296
5022.007392752286
7484.322126744716
15868.519543381097
14106.036877571307
2408.6681724845853
11055.235758895977
9734.903850116083
9338.086276951004
6317.067380710834
7698.978052046933
6870.698894475535
8616.60617983599
15880.468671264964
9012.13382097232
8991.420182927111
8765.353995536028
13394.378762173745
2279.423815834827
10836.02240290597
9825.326925525687
775.5724789089907
16913.049181878112
2696.6170159894696
7506.441007019493
12525.777536780864
6129.771485254494
1667.5128817319567
4210.164236250146
12839.507307838141
14754.004722815136
17006.33429425682
2216.952362564645
17773.268966391417
10474.28372094167
3663.41415129529
6520.420454743744
13092.667952483363
4807.8328655135565
4687.5335914145735
6103.938794930261
1665.5639644463224
5312.252103562871
10480.676550651631
290.1165959930324
314.6537108858792
328.24755185894264
8627.65900740203
4214.260056160448
7203.689388711244
5344.568721925579
5459.98255615201
13005.581538503246
9182.416072602427
366.0825493752746
5350.787427386971
4463.01895774475
9552.683343611032
10088.675296037021
5434.626165309908
9477.26870005957
5275.7653220874845
9795.466329663739
10354.790110059794
2027.50972272424
1786.4672704896136
3487.099169303286
9448.610303496778
5825.4729791844675
4572.682782455718
7141.38700374325
2901.6181857960783
13681.871058315763
6985.800715404047
8290.714493307423
2542.768548280171
2842.540231816528
14460.318397938016
11654.14069585024
4711.392626808783
3362.4539778840867
6544.627197553054
8587.47016304307
3600.763163717327
15213.126232164166
6311.921088534993
9183.993928784583
19119.332686955684
13225.142032552507
6493.693640588731
3249.163338513067
387.04715589308586
